1 28.71 29.36 1
3 28.79 27.89 1
5 32.2 28.9 0
6 30.8 32.7 1
7 36.09 29.51 0
8 29.8 30.83 1
9 30.25 33.46 0
10 22.49 27.86 3
11 37.5 32.03 0
12 28.36 25.24 0
13 24.07 24.46 2
14 24.47 23.18 0
15 23.76 23.06 0
16 32.77 26.04 0
18 28.02 25.66 0
20 29.53 28.77 0
24 19.56 22.37 0
25 16.97 23.83 1
26 22.17 23.55 1
27 24.87 26.45 1
28 32 26.49 0
30 20.63 26.52 0
31 25.12 26.88 0
32 30.38 30.06 0
33 36.45 31.54 0
34 37.41 32.15 0
38 33.26 27.77 0
39 27.99 25.48 0
40 28.4 26.55 0
41 32.53 30.14 0
42 35.81 29.03 0
43 33.31 27.97 0
44 31.8 28.48 0
45 21.84 20.32 0
46 27.71 20.2 0
47 22.7 19.98 0
48 28.72 22.69 0
49 23.34 19.29 1
50 22.36 19.31 0
51 31.59 25.35 0
52 23.21 21.71 2
53 20.93 19 0
54 33.5 27.68 0
55 32.48 27.37 0
56 30.64 28.26 0
57 30.12 29.2 0
58 32.48 25.9 0
60 23.62 23.21 1
61 24.83 26.35 1
62 28.45 25.01 0
63 23.49 26.47 1
65 29.43 28.01 1
66 36.61 31.5 0
68 31.27 29.42 0
70 28.32 27.4 1
71 29.59 27.11 1
72 37.14 30.14 0
73 29.24 32.11 0
75 33.86 28.68 0
76 31.75 22.83 0
77 26.48 23.61 0
78 27.95 25.49 0
79 28.21 24.95 1
80 31.31 22.51 0
81 31.14 23.35 0
82 34.07 26.2 0
84 35.64 29.09 0
85 32.34 25.14 0
87 34.69 28.03 0
89 26.82 21.32 0
90 36.79 33.18 0
93 21.59 20.92 0
95 23.68 27.99 0
96 29.47 25.12 0
98 18.54 24.86 1
99 26.61 24.62 0
102 30.97 28.65 0
103 30.73 27.63 0
104 27.97 27.75 1
108 30.75 26.15 0
109 29.7 32.4 0
110 34.01 33.85 1
111 26.47 29.83 0
114 23.95 21.2 1
115 29.8 23.4 0
116 26.29 20.91 0
118 36.41 29.85 0
119 22.11 22.83 1
120 33.07 29.85 0
121 26.92 23.4 0
122 24.35 23.74 0
123 26.74 20.49 0
124 25.49 23.17 0
125 31.85 27.45 1
126 32.14 24.15 0
127 27.88 23.74 0
128 22.51 21.25 1
129 22.35 20.67 2
130 29.96 25.34 0
131 28.37 27.58 0
132 29.98 28.26 0
133 32.08 26.31 0
135 34.12 28.71 0
136 19.2 25.94 0
137 28.26 28.6 1
141 32.68 33.35 0
142 32.49 28.83 1
143 27.96 24.4 0
144 33.96 28.86 0
145 38.53 30.92 0
147 33.19 32.57 0
148 32.68 23.12 0
149 27.51 28.67 0
150 26.37 22.95 0
152 29.23 25.14 0
153 32.98 28.06 0
154 39.03 35.89 0
155 26.72 28.88 0
156 27.52 29.5 0
157 36.55 32.08 0
158 30.01 27.54 0
159 28.71 32.26 0
160 33.15 33.08 1
161 37.49 36.63 0
162 31.43 33.78 0
163 30.83 27.8 0
164 39.09 35.55 0
165 22.63 33.88 1
166 24.96 19.41 1
168 22.6 19.24 0
169 25.87 19.6 2
170 27.57 21.68 0
171 21.95 19.43 1
172 16.26 25.85 1
173 20.46 19.29 1
174 26.44 20.77 0
175 23.11 21.05 1
176 20 20.69 1
177 22.91 21.69 1
178 26.81 22.48 0
179 26.73 21.01 2
180 33.73 26.51 0
183 29.84 30.4 0
184 34.58 31.66 0
187 33.63 31.26 1
188 29.75 25.7 0
189 32.16 30.94 0
190 39.39 33.51 0
192 35.92 34.92 0
193 22.59 23.6 0
194 25.35 23.79 0
195 28.07 24.54 0
196 24.3 23.12 0
197 25.34 23 0
199 26.18 23.97 0
200 31.66 25.95 0
201 28.66 26.53 0
202 36.6 27.78 0
203 37.53 30.85 0
204 31.95 27.86 0
208 28.96 26.23 0
209 28.44 27.95 1
210 28.18 24.37 0
211 30.87 26.53 0
212 30.58 25.14 0
213 23.28 20.83 0
214 31.16 23.03 0
215 27.35 23.21 0
216 28.02 21.46 0
217 26.67 22.57 0
218 24.31 21.74 0
219 32.91 25.31 1
220 42.81 35.85 0
221 29.77 31.09 0
222 37.34 33.68 0
223 39.78 37.46 0
224 26.67 27.7 0
226 30.84 32.8 0
227 33.2 27.62 0
228 40.83 33.71 0
229 33.1 28.52 0
231 27.65 27.31 0
232 24.58 20.74 0
233 34.86 25.38 0
234 30.93 22.39 0
235 28.21 25.55 0
236 29.02 25.77 0
237 28.89 25.84 1
238 28.35 25.23 0
240 35.86 30.17 0
241 30.45 33.3 1
242 26.68 24.71 1
243 32.95 26.25 0
244 25.78 27.83 1
245 39.01 31.43 1
246 35.01 31.89 0
247 22.37 20.89 0
248 22.79 20.76 0
250 26.18 23.26 1
251 37.31 29.2 0
253 21.73 20.88 1
254 31.44 28.39 0
255 26.14 28.5 1
256 29.66 29.5 0
257 26.32 30.28 0
258 36.21 32.79 1
259 36.97 31.28 0
260 37.53 29.34 0
261 31.48 28.38 0
262 38.87 33.33 0
263 31.35 29.97 0
264 31.1 33.26 0
265 29.48 29.8 1
266 33.2 30.43 0
267 33.88 31 0
268 36.81 33.94 0
269 27.66 26.89 0
271 29.46 28.74 0
272 29.13 26.12 0
273 31.05 27.57 0
274 27.61 25.86 1
275 40.99 33.65 0
276 40.62 34.92 0
277 33.31 32.43 0
278 38.55 34.74 0
279 35.07 33.91 0
281 28 33.04 1
282 36.1 33.33 0
283 34.01 35.12 0
284 35.51 33.25 0
285 30.99 33.48 0
287 26.32 26.3 0
288 21.47 26.4 0
289 35.72 30.03 0
291 34.78 34.72 0
293 20.53 15.05 0
294 15.3 13.49 0
295 15.75 15.58 1
296 15.59 15.25 1
297 15.51 13.63 1
298 17.69 15.77 1
299 14.68 15.23 1
300 19.62 16.73 1
301 20.77 16.46 0
302 14.76 15.31 1
303 15.11 15.8 0
304 17.64 14.57 1
306 12.28 14.05 0
307 24.46 18.17 0
309 18.48 18.6 0
310 34.11 30.14 0
311 25.84 25.88 0
313 34.64 29.43 0
314 35.16 28.29 0
315 21.18 24.01 0
316 31.59 23.48 1
317 25.01 23.71 0
318 32.79 25.95 0
319 27.07 26.8 1
320 26.36 26.2 2
321 25.52 23.46 2
322 29.25 27.29 1
323 31.85 27.11 0
324 36.42 29.63 0
325 32.27 31.19 1
326 31.21 29.47 0
327 24.91 29.12 1
328 31.93 32.64 0
330 35.26 32.53 0
333 24.04 26.06 2
334 27.99 27.56 0
336 38.59 30.29 0
337 37.93 36.69 0
338 34.05 29.8 0
339 36.26 33.34 0
340 34.21 34.54 0
341 32.71 31.21 0
343 42.69 38.06 0
344 10.45 12.76 1
345 23.97 17.68 0
346 12.04 14.12 1
347 12.23 14.48 1
348 11.06 14.28 1
349 13.66 14.88 0
350 6.33 10.48 0
352 9.33 13.36 1
354 6.97 11.56 0
356 34.06 24.84 0
357 25.53 22.28 0
359 27.85 25.22 1
360 26.3 21.68 1
361 25.03 22.6 1
362 30.63 24.57 0
363 25.18 25.56 0
364 30.31 22.56 0
365 32.44 33.89 0
366 16.55 19.66 4
368 26.57 21.29 0
369 28.03 23.83 0
370 31.54 25.43 0
371 28.21 23.73 0
372 25.58 24.52 0
375 32.16 28.86 0
378 33.6 27.4 0
379 36.84 29.03 0
385 28.24 27.68 0
386 29.93 27.15 0
387 36.65 28.83 0
388 42.1 36.91 0
389 39.19 33 0
390 35.27 33.77 0
391 38.14 31.62 0
392 31.45 31.1 0
393 37.21 34.31 0
394 27.14 28.11 0
395 32.92 28.65 0
396 30.28 27.63 0
397 36.46 32.79 0
398 39.24 34.69 0
399 27.64 26.65 0
400 34.71 29.18 0
401 25.31 27.26 0
402 35.18 28.5 0
404 28.81 27.12 0
405 35.34 29.97 1
406 29.44 29.28 0
408 37.78 32.18 0
409 26.11 27.32 0
410 32.08 33.12 1
411 28.52 30.24 0
412 25.54 25.52 0
413 31.33 29.65 0
414 32.04 30.54 0
415 32.42 31.07 0
416 26.92 28.74 0
417 25.49 23.17 0
418 37.08 34.65 0
420 33.4 28.98 0
422 27.06 31.45 0
424 37.68 32.85 0
425 35.67 31.43 0
426 37.17 33.31 0
427 39.39 35.22 0
429 35.36 37.46 0
430 40.64 36.4 0
431 40.11 33.89 0
433 26.1 27.8 0
434 37.51 33.14 0
435 34.66 32.24 0
436 28.1 33.47 0
437 24.77 28.83 1
438 32.27 29.33 0
440 40.12 35.94 0
441 35.98 33.07 0
442 34.39 31.71 0
445 35.58 28.68 0
446 18.36 24.43 1
449 29.6 30.93 1
450 35.1 32.98 0
451 34.53 29.38 0
452 28.5 27.74 0
453 36.77 33.95 0
454 27.77 27.66 0
455 38.26 31.14 0
456 36.51 29.77 0
457 37.63 29.38 0
459 30.44 33.68 0
460 37.25 37.32 0
461 41.71 38.28 0
463 38.78 31.26 0
464 34 31.83 0
465 31.02 34.03 0
466 23.91 19.74 0
467 32.41 20.39 0
468 26.87 22.63 0
469 26.86 19.91 0
470 27.82 21.57 0
471 28.73 21.45 0
473 23.78 21.8 1
474 20.53 20.46 1
475 32.29 21.57 0
478 26.6 21.15 0
479 32.72 24.78 0
480 19.35 20.6 2
481 27.67 22.19 0
482 37.22 28.17 0
483 29.61 23.63 0
485 27.04 25.23 0
486 30.56 26 0
488 23.64 25.03 1
490 37.46 29.92 0
491 34.73 31.01 0
492 33.27 32.6 0
493 38.43 34.73 0
495 39.93 33.83 0
496 38.29 33.41 0
497 38.29 31.6 0
498 37.21 33.51 0
499 40.51 35.92 0
500 39.77 34.21 0
